"K_1"	0.43167359898275	0.0036969160768453	0.0187201259306922	0.00564256059074057	0.23412940068021	0.000663549039433772	0.0905672626160493	0.21490658608328
"K_2"	0.274744603814602	0.0554600803460609	0.297541146143169	0.154554167492894	0.00224183136140304	0.000229507715131352	0.0807995681582832	0.134429094968456
"K_3"	0.188603308364544	0.000405742821473159	0.000132646691635456	4.05742821473159e-05	0.463718789013733	0.000880149812734082	0.294207240948814	0.0520115480649189
"K_4"	0.157480583930436	0.000858078232686769	0.00247722266856865	0.00145927954221253	0.334921051337126	0.000340225286527079	0.170564910612296	0.331898648390147
"K_5"	0.405946704527735	0.00503792945913932	0.0339015229231809	0.0102815780186953	0.185786232686905	0.000570104528282273	0.255655223541706	0.102820704314356
"K_6"	0.538035294275768	0.0157824281278981	0.00367565823958711	0.00361867129013615	0.0539131486633603	0.000108866577960566	0.101670093947825	0.283195838877465
"K_7"	0.17182603229717	0.000113743508388584	0.00220752203780475	9.57840070640705e-05	0.22706047862071	0.000121226633940464	0.430231827229597	0.168343385665325
"K_8"	0.77954382954383	0.0371246246246246	0.00541970541970542	0.0167757042757043	0.102908265408265	0.000722150722150722	0.0270949520949521	0.0304107679107679
"K_9"	0.606594661700807	0.201047796399752	0.0102333954065798	0.0402333954065798	0.0142557417752948	0.0142495344506518	0.0220546244568591	0.0913308504034761
"K_10"	0.665071178943713	0.00377312560856865	0.000465154019761026	0.000326456979386034	0.142512624261226	0.00119071880920571	0.127004030705826	0.0596567106723127
"K_11"	0.664186130075458	0.0011397772188286	2.51527128997485e-06	1.36543298598635e-05	0.159570607258354	0.00129284944304707	0.0636737333812433	0.110120733021919
"K_12"	0.47755942105962	8.46175676484908e-06	0.000781085239832223	2.73379833941278e-05	0.304394125197549	3.90542619916111e-06	0.209877603942918	0.00734805939372164
"K_13"	0.198491984338061	0	4.61731678486998e-06	0	0.455887078900709	0	0.305321919326241	0.0402944001182033
"K_14"	0.361458441558442	0.0370347402597403	0.000753571428571429	0.0451327922077922	0.0242863636363636	0.00116753246753247	0.19835	0.331816558441558
"K_15"	0.542354060913706	0.0729878736604625	0.135893965031021	0.0993965031020869	0.00709461364918218	0.00223491257755217	0.0518887478849408	0.0881493231810491
"K_16"	0.16163	0.018336	0.050119	0.148242	0.012335	0.000583	0.241617	0.367138
"K_17"	0.351851217906517	0.00360105332455563	0.000886109282422647	0.000312047399605003	0.224341013824885	0.00286899275839368	0.0648439763001975	0.351295589203423
"K_18"	0.219781094527363	0.00455721393034826	0.00334328358208955	0.00354228855721393	0.264238805970149	0.00481592039800995	0.0917611940298508	0.407960199004975
"K_19"	0.756154861944778	0.0209543817527011	0.0142773109243697	0.0255342136854742	0.0664237695078031	0.00256902761104442	0.0562196878751501	0.0578667466986795
"K_20"	0.723882426988922	0.0126986404833837	0.000850201409869084	0.00266893252769386	0.058511329305136	0.000511077542799597	0.070936807653575	0.12994058408862
"C_1"	0.79343480008037	3.31525015069319e-05	1.70785613823589e-05	3.51617440225035e-06	0.0609604179224432	4.01848503114326e-06	0.0471654611211573	0.0983815551537071
"C_2"	0.653392101551481	0	0	0	0.0826410437235543	3.52609308885755e-06	0.183309238363893	0.0806540902679831
"C_3"	0.875858191287879	0	0	0	0.0302813289141414	9.86426767676768e-06	0.0327197758838384	0.0611308396464646
"C_4"	0.797070539871944	2.72846332945285e-06	3.63795110593714e-05	5.4569266589057e-06	0.0790645008731083	0	0.0650693029685681	0.0587510913853318
"C_5"	0.709027777777778	0	4.19061302681992e-05	0	0.0649694683908046	4.78927203065134e-05	0.07876406848659	0.147148886494253
"C_6"	0.924680152143845	0	2.59336099585062e-06	0	0.0341511065006916	0	0.018484612724758	0.0226815352697095
"C_7"	0.259906919564454	1.40498770635757e-05	0.000468036529680365	0.000152792413066386	0.0354592553565156	5.26870389884088e-06	0.108010186160871	0.59598349139445
"C_8"	0.805179148311307	0	0	0	0.0926005873715125	0	0.0735851688693098	0.0286350954478708
"C_9"	0.952456284153005	0.000148451730418944	0	1.82149362477231e-06	0.0141976320582878	0.000268670309653916	0.0101265938069217	0.0228005464480874
"C_10"	0.851660112359551	8.42696629213483e-06	0	1.87265917602996e-06	0.0488323970037453	9.08239700374532e-05	0.0278810861423221	0.0715252808988764
"C_11"	0.755672625641325	9.10972481343284e-07	2.73291744402985e-06	1.21462997512438e-06	0.10081003673041	2.42925995024876e-06	0.061000539295709	0.0825095105527052
"C_12"	0.871917438271605	0.00408564814814815	0.000275848765432099	0.00374614197530864	0.0223181905864198	0.000262827932098765	0.010282600308642	0.0871113040123457
"C_13"	0.817275747508306	0	0	0	0.0777566840689764	9.88767600063281e-05	0.0404405948425882	0.0644280968201234
"C_14"	0.776527777777778	4.43734469293575e-07	8.87468938587149e-07	0	0.159291356052538	8.87468938587149e-07	0.0395327476038339	0.0246458998935037
"C_15"	0.9180835279054	3.76591097386458e-07	4.14250207125104e-06	1.12977329215937e-06	0.0665771635158545	9.7913685320479e-06	0.0134443021766965	0.00187956616705581
"C_16"	0.904407507308187	0	0.000204770445269803	6.11957652530445e-05	0.0200875099443119	0	0.0320583431011189	0.0431806734358598
"C_17"	0.792738373221501	5.20956307730571e-05	0.0001352805895881	4.36931096806286e-05	0.0748546994040092	2.43673111680429e-05	0.0763066550487808	0.0558448356844988
"C_18"	0.738453808021631	0	0	0	0.125436683190626	0	0.0741607330629413	0.061948775724801
"C_19"	0.665669869087838	0.00253774282094595	1.31967905405405e-06	0.00128008868243243	0.183478937922297	9.89759290540541e-05	0.0536739864864865	0.0932590793918919
"C_20"	0.922199940582293	0	0.000263666072489602	7.42721330956625e-07	0.0439156268568033	0	0.0295157456922163	0.00410427807486631
"V_1"	0.17546503372382	0.0044266950656727	0.041863684771033	0.267362442314519	0.0312655307064253	1.7749378771743e-06	0.131647142350018	0.347967696130635
"V_2"	0.023901895206243	0.0172196209587514	0.00446488294314381	0.102752508361204	0.00208695652173913	0	0.0183734671125975	0.831200668896321
"V_3"	0.11781746031746	0.00301587301587302	0.00158730158730159	0.000456349206349206	0.105595238095238	0.000753968253968254	0.514107142857143	0.256666666666667
"V_4"	0.189392487046632	5.18134715025907e-06	0.0234689119170984	0	0.423681347150259	6.73575129533679e-05	0.354310880829016	0.00907383419689119
"V_5"	0.399540570461058	0.0095327559260224	0.00613571242511071	0.00882098202656942	0.132474928366762	0.000431753060692889	0.361305027350873	0.0817582703829122
"V_6"	0.0927517361111111	0.0115755208333333	0.0248524305555556	0.594874131944444	0.00332609953703704	7.08912037037037e-05	0.032857349537037	0.239691840277778
"V_7"	0.0510224887556222	0.0207061469265367	0.00413493253373313	0.078376311844078	0.067743628185907	0.00170914542728636	0.263886056971514	0.512421289355322
"V_8"	0.432920008942544	0.123853878828527	0.0183869438855354	0.00581014978761458	0.0457879722781131	4.29242119382964e-05	0.259775184439973	0.113422937625755
"V_9"	0.464154964894684	0.171977042237825	0.000748077566031428	0.12629276719046	0.000874846762509751	7.10464727515881e-05	0.0148110999665664	0.221070154909172
"V_10"	0.449899729520572	0.246327850258696	0.00215897014083479	0.00340493917633769	0.0325434340700692	0.00050553350128702	0.129341316454849	0.135818226877354
"V_11"	0.32383129161615	0.106051662463176	0.107159455853342	0.130263951329852	0.0774136571461314	0.000532068253897514	0.125186110199066	0.129561803138384
"V_12"	0.776513863216266	0.130177449168207	0.000530499075785582	0.023086876155268	0.0051996303142329	0.000153419593345656	0.0186931608133087	0.045645101663586
"V_13"	0.18853628601921	0.194543756670224	0.00997118463180363	0.079226787620064	0.161014941302028	8.64461045891142e-05	0.32273212379936	0.0438884738527215
"V_14"	0.302099122807018	0.0324070175438596	0.0206833333333333	0.0775798245614035	0.0553350877192982	2.63157894736842e-06	0.122531578947368	0.389361403508772
"V_15"	0.7060832	0.0015616	0.0093376	0.0217312	0.040672	0	0.114712	0.1059024
"V_16"	0.188084291187739	0.0637420178799489	0.00152107279693487	0.0208620689655172	0.220075351213282	0.00402937420178799	0.296697318007663	0.204988505747126
"V_17"	0.125181476846058	0.138201501877347	0.000215269086357947	0.0507521902377972	0.315183979974969	0.00279599499374218	0.301236545682103	0.066433041301627
"V_18"	0.034629425198736	0.00768543342269884	0.00258984737773572	0.327265824411385	0.0854778134071621	7.00905920902767e-06	0.417953705163924	0.124390941959149
"V_19"	0.254605928714988	0.00993175359856339	0.112607174006916	0.0149997736944925	0.0188347345925706	6.72800157557564e-05	0.330626230153924	0.258327125222789
"V_20"	0.0638012345679012	9.75308641975309e-05	0.013841975308642	0.000192592592592593	0.12882962962963	2.34567901234568e-05	0.787648148148148	0.00556543209876543
"R_1"	0.852956347726651	0	3.31452341296476e-05	0	0.0401986953207216	0	0.0485362753871778	0.0582755363313198
"R_2"	0.946229773462783	0	0	0	0.0289178802588997	0	0.0215271035598706	0.0033252427184466
"R_3"	0.864768323017296	0	0	0	0.109851333371898	0	0.0242234048707121	0.00115693874009371
"R_4"	0.957002991026919	0	4.98504486540379e-07	0	0.0139845463609172	1.49551345962114e-06	0.0283604187437687	0.000650049850448654
"R_5"	0.714989043613487	0	0	0	0.189941330317382	0	0.0835265427299074	0.0115430833392239
"R_6"	0.727385750780585	0.00228214589838206	0.00434667423597313	0.013734506575835	0.00652474217049863	3.7846532311477e-06	0.0295297568360299	0.216192638849465
"R_7"	0.86485607008761	0	0	0	0.0706633291614518	1.87734668335419e-05	0.055572590738423	0.0088892365456821
"R_8"	0.731831489165514	5.76302443522361e-07	0	0	0.162445251267865	5.76302443522361e-07	0.086133010603965	0.0195890963577686
"R_9"	0.744418600773643	0	0	0	0.119045951714019	8.33666800053355e-07	0.110738462051487	0.025796151794051
"R_10"	0.761161313347609	2.49821556031406e-06	0.000274803711634547	6.42398286937902e-06	0.060830835117773	0	0.150916845110635	0.0268072805139186
"R_11"	0.968494919306635	0	0	0	0.0186365809922295	1.19545726240287e-06	0.00863150029886432	0.00423580394500897
"R_12"	0.847162698412698	0	5.95238095238095e-05	0	0.100833333333333	0	0.0278373015873016	0.0241071428571429
"R_13"	0.876317019068557	1.96735179692995e-06	9.83675898464974e-07	1.1066353857731e-06	0.0738643461752222	1.09433943704228e-05	0.0398033385959994	0.0100002951027695
"R_14"	0.879338470212366	0	0.000255591054313099	1.87934598759632e-05	0.0401503476790077	0	0.0529825220823154	0.0272542755121218
"R_15"	0.793510810493677	4.01847211260723e-07	0	0	0.150799595580967	5.62586095765013e-06	0.0405544205604322	0.015129145656755
"R_16"	0.881768306971295	0	3.6613942589338e-06	0	0.0293971880492091	1.46455770357352e-07	0.0427962800234329	0.046034417106034
"R_17"	0.785584090909091	1.13636363636364e-06	0	0	0.0489931818181818	1.13636363636364e-06	0.115057954545455	0.0503625
"R_18"	0.816164312448728	0.00577605875717801	6.72938884331419e-05	0.00680789837981952	0.0297759433962264	1.28178835110747e-05	0.054743578240361	0.0866520970057424
"R_19"	0.949545167040423	2.01253521936634e-06	0.000190615835777126	6.41136219883848e-05	0.021969696969697	5.75010062676097e-07	0.0182387441780231	0.00998907480880915
"R_20"	0.870272152843425	0	0.000514950992586696	0	0.0419187521767252	0	0.0420481118463605	0.0452460321409025
